Project1_Results

bubbleSort
random_Data,,ordered_Data,,reverseOrdered_Data,,fiftyPercentOrdered_Data,,seventyFivePercentOrdered_Data,,
size,microseconds,size,microseconds,size,microseconds,size,microseconds,size,microseconds,
4,0.5,4,0.3,4,0.5,4,14.5,4,0.5,
8,0.4,8,0.2,8,0.4,8,4.2,8,0.3,
16,1.0,16,0.4,16,0.8,16,15.4,16,0.5,
32,2.9,32,1.3,32,2.0,32,58.6,32,1.8,
64,9.6,64,4.4,64,7.2,64,244.1,64,5.8,
128,33.4,128,16.6,128,27.5,128,855.8,128,21.3,
256,121.2,256,47.5,256,112.9,256,3732.3,256,58.7,
512,578.7,512,156.4,512,443.6,512,3547.9,512,200.2,
1024,1912.0,1024,564.1,1024,1852.8,1024,4331.6,1024,810.1,
2048,6475.3,2048,2233.7,2048,7612.5,2048,10207.7,2048,3563.8,
4096,25996.9,4096,9070.0,4096,32070.1,4096,35713.4,4096,13678.5,
8192,115398.3,8192,37413.0,8192,124650.7,8192,221286.3,8192,60868.3,
16384,552710.0,16384,148260.4,16384,816036.1,16384,1195220.7,16384,325613.3,
32768,2796933.6,32768,820233.0,32768,2551720.2,32768,2204019.8,32768,1434455.9,

mergeSort
random_Data,,ordered_Data,,reverseOrdered_Data,,fiftyPercentOrdered_Data,,seventyFivePercentOrdered_Data,,
size,microseconds,size,microseconds,size,microseconds,size,microseconds,size,microseconds,
4,0.3,4,0.3,4,0.4,4,27.1,4,1.1,
8,0.4,8,0.4,8,0.5,8,10.3,8,2.0,
16,1.2,16,0.8,16,1.1,16,42.5,16,3.9,
32,1.8,32,1.6,32,1.4,32,46.0,32,9.7,
64,4.1,64,3.5,64,2.6,64,104.9,64,20.3,
128,8.0,128,5.5,128,5.7,128,221.9,128,37.6,
256,18.3,256,10.5,256,13.3,256,475.3,256,80.9,
512,37.3,512,25.1,512,27.0,512,599.5,512,150.9,
1024,80.3,1024,50.5,1024,57.3,1024,800.3,1024,305.5,
2048,172.4,2048,115.5,2048,104.4,2048,1273.6,2048,641.5,
4096,403.7,4096,230.0,4096,229.7,4096,2689.2,4096,1347.8,
8192,847.7,8192,500.6,8192,509.2,8192,4220.8,8192,2668.5,
16384,1788.5,16384,1032.2,16384,1087.4,16384,5634.5,16384,2954.1,
32768,3796.6,32768,2338.0,32768,2337.5,32768,11494.0,32768,2923.7,

quickSort_random
random_Data,,ordered_Data,,reverseOrdered_Data,,fiftyPercentOrdered_Data,,seventyFivePercentOrdered_Data,,
size,microseconds,size,microseconds,size,microseconds,size,microseconds,size,microseconds,
4,2.6,4,2.3,4,2.2,4,120.1,4,2.8,
8,1.3,8,1.6,8,1.3,8,59.1,8,1.8,
16,2.1,16,2.1,16,2.3,16,31.8,16,3.1,
32,5.7,32,4.4,32,3.9,32,71.2,32,6.4,
64,10.4,64,8.9,64,8.0,64,197.5,64,17.6,
128,20.0,128,15.7,128,16.2,128,454.2,128,29.8,
256,43.6,256,28.4,256,33.0,256,556.7,256,67.4,
512,85.9,512,62.1,512,64.3,512,418.8,512,144.5,
1024,183.0,1024,120.4,1024,123.2,1024,493.9,1024,300.0,
2048,449.5,2048,254.9,2048,279.8,2048,945.8,2048,629.8,
4096,1208.9,4096,484.1,4096,502.4,4096,1986.1,4096,1284.7,
8192,2681.8,8192,998.5,8192,1483.9,8192,5745.6,8192,2608.2,
16384,5358.3,16384,2174.9,16384,3248.7,16384,6943.5,16384,5312.8,
32768,10479.3,32768,4408.1,32768,5960.4,32768,13059.3,32768,18189.2,

quickSort_first
random_Data,,ordered_Data,,reverseOrdered_Data,,fiftyPercentOrdered_Data,,seventyFivePercentOrdered_Data,,
size,microseconds,size,microseconds,size,microseconds,size,microseconds,size,microseconds,
4,3.1,4,1.6,4,2.1,4,30.5,4,3.1,
8,1.5,8,1.7,8,1.4,8,13.1,8,5.6,
16,1.7,16,1.0,16,1.4,16,66.3,16,8.1,
32,3.3,32,1.5,32,2.9,32,63.6,32,15.8,
64,6.0,64,4.0,64,5.3,64,180.0,64,32.5,
128,12.8,128,11.5,128,13.8,128,353.7,128,65.5,
256,35.1,256,34.6,256,48.1,256,738.3,256,132.8,
512,55.8,512,106.4,512,190.6,512,1623.0,512,267.2,
1024,115.1,1024,435.7,1024,599.8,1024,3992.5,1024,629.7,
2048,269.1,2048,1516.4,2048,2005.4,2048,8331.1,2048,1179.2,
4096,578.2,4096,5794.3,4096,9041.0,4096,10365.6,4096,2290.3,
8192,1243.4,8192,24394.6,8192,42337.7,8192,4934.8,8192,4657.9,
16384,2441.9,16384,-1.0,16384,-1.0,16384,10587.3,16384,10182.8,
32768,5933.7,32768,-1.0,32768,-1.0,32768,20197.0,32768,14820.2,

quickSort_medianOf3
random_Data,,ordered_Data,,reverseOrdered_Data,,fiftyPercentOrdered_Data,,seventyFivePercentOrdered_Data,,
size,microseconds,size,microseconds,size,microseconds,size,microseconds,size,microseconds,
4,3.4,4,4.5,4,2.5,4,228.3,4,3.4,
8,2.4,8,2.2,8,2.0,8,95.5,8,5.4,
16,3.2,16,8.1,16,2.4,16,113.2,16,10.1,
32,6.5,32,4.6,32,4.3,32,60.3,32,19.0,
64,11.8,64,8.4,64,8.0,64,88.4,64,40.0,
128,25.1,128,18.9,128,15.8,128,184.1,128,77.4,
256,50.4,256,35.0,256,29.5,256,260.5,256,157.4,
512,99.8,512,73.5,512,53.7,512,308.9,512,315.1,
1024,202.6,1024,141.7,1024,109.4,1024,764.5,1024,626.0,
2048,449.6,2048,287.2,2048,212.8,2048,1536.9,2048,1126.0,
4096,867.3,4096,581.6,4096,446.3,4096,2839.9,4096,922.7,
8192,1923.0,8192,1227.4,8192,723.9,8192,5283.4,8192,1782.7,
16384,4997.4,16384,2590.2,16384,1719.9,16384,11021.2,16384,3592.3,
32768,10819.0,32768,5372.2,32768,3438.7,32768,34320.2,32768,7503.2,

heapSort
random_Data,,ordered_Data,,reverseOrdered_Data,,fiftyPercentOrdered_Data,,seventyFivePercentOrdered_Data,,
size,microseconds,size,microseconds,size,microseconds,size,microseconds,size,microseconds,
4,1.8,4,54.9,4,0.4,4,16.8,4,12.5,
8,0.5,8,13.7,8,0.5,8,4.8,8,0.6,
16,1.2,16,13.2,16,1.1,16,11.5,16,1.3,
32,2.5,32,20.5,32,1.8,32,55.4,32,2.6,
64,5.4,64,10.2,64,4.0,64,82.7,64,5.3,
128,11.1,128,19.9,128,9.3,128,159.7,128,10.6,
256,25.3,256,44.3,256,20.5,256,310.7,256,22.7,
512,56.5,512,83.8,512,42.3,512,159.3,512,51.9,
1024,122.4,1024,142.4,1024,89.6,1024,317.4,1024,106.7,
2048,273.1,2048,233.2,2048,191.6,2048,705.5,2048,254.7,
4096,682.1,4096,482.5,4096,432.9,4096,1536.5,4096,504.6,
8192,2445.7,8192,1171.6,8192,1310.5,8192,3610.1,8192,1374.2,
16384,5055.4,16384,3531.6,16384,3299.1,16384,6837.0,16384,4047.0,
32768,9987.2,32768,17063.9,32768,6491.7,32768,9837.3,32768,8919.3,

countingSort
random_Data,,ordered_Data,,reverseOrdered_Data,,fiftyPercentOrdered_Data,,seventyFivePercentOrdered_Data,,
size,microseconds,size,microseconds,size,microseconds,size,microseconds,size,microseconds,
4,122.7,4,69.5,4,66.4,4,527.5,4,497.6,
8,81.3,8,70.9,8,63.4,8,576.5,8,468.6,
16,65.5,16,68.2,16,63.1,16,704.5,16,807.1,
32,71.5,32,67.2,32,64.2,32,305.6,32,773.3,
64,69.9,64,73.5,64,67.2,64,198.8,64,796.1,
128,77.0,128,79.4,128,72.5,128,159.7,128,1211.4,
256,86.9,256,95.2,256,84.5,256,313.5,256,1233.9,
512,126.5,512,148.2,512,126.6,512,446.8,512,1245.3,
1024,192.0,1024,159.9,1024,195.9,1024,448.3,1024,11412.6,
2048,308.8,2048,170.1,2048,314.0,2048,474.4,2048,1371.1,
4096,551.7,4096,195.4,4096,563.9,4096,806.8,4096,1599.3,
8192,1055.5,8192,259.2,8192,1025.9,8192,1540.4,8192,2091.5,
16384,2126.9,16384,411.3,16384,2159.7,16384,2742.5,16384,2833.6,
32768,625.0,32768,638.6,32768,4329.2,32768,4857.3,32768,3001.2,

radixSort
random_Data,,ordered_Data,,reverseOrdered_Data,,fiftyPercentOrdered_Data,,seventyFivePercentOrdered_Data,,
size,microseconds,size,microseconds,size,microseconds,size,microseconds,size,microseconds,
4,17.5,4,19.2,4,15.0,4,4448.7,4,113.4,
8,7.7,8,4.8,8,5.5,8,52.8,8,7.5,
16,6.0,16,6.6,16,6.7,16,69.1,16,10.4,
32,11.5,32,11.8,32,14.7,32,102.3,32,15.6,
64,24.5,64,21.5,64,22.0,64,205.6,64,33.5,
128,57.8,128,87.2,128,52.9,128,785.3,128,71.4,
256,134.3,256,118.5,256,127.0,256,531.1,256,173.9,
512,322.5,512,250.9,512,543.4,512,1642.4,512,399.0,
1024,701.7,1024,1009.8,1024,800.0,1024,2961.6,1024,775.0,
2048,1278.2,2048,1716.4,2048,1891.0,2048,4882.2,2048,1327.3,
4096,1857.1,4096,1356.2,4096,1864.2,4096,6380.1,4096,2221.3,
8192,3942.4,8192,2539.8,8192,3253.9,8192,5295.0,8192,3980.7,
16384,8741.3,16384,4859.9,16384,7117.9,16384,13471.8,16384,7675.9,
32768,20279.3,32768,8786.6,32768,14016.9,32768,22685.6,32768,14243.4,

bucketSort
random_Data,,ordered_Data,,reverseOrdered_Data,,fiftyPercentOrdered_Data,,seventyFivePercentOrdered_Data,,
size,microseconds,size,microseconds,size,microseconds,size,microseconds,size,microseconds,
4,20.2,4,27.3,4,22.7,4,218.6,4,27.5,
8,7.0,8,6.1,8,7.3,8,11.4,8,11.7,
16,13.0,16,8.8,16,10.5,16,15.6,16,10.9,
32,20.8,32,16.0,32,19.2,32,36.0,32,18.2,
64,109.6,64,39.2,64,53.5,64,71.4,64,48.9,
128,66.4,128,62.2,128,80.9,128,97.0,128,86.9,
256,67.0,256,63.3,256,85.6,256,224.6,256,115.2,
512,89.5,512,154.8,512,116.7,512,381.9,512,113.6,
1024,184.3,1024,200.9,1024,244.5,1024,786.9,1024,229.8,
2048,335.9,2048,379.2,2048,385.9,2048,1253.0,2048,468.0,
4096,735.3,4096,723.8,4096,722.9,4096,2066.3,4096,931.0,
8192,1490.8,8192,1392.3,8192,1498.4,8192,3467.1,8192,1950.1,
16384,3049.1,16384,3466.4,16384,3178.4,16384,4532.8,16384,3985.1,
32768,7324.4,32768,9338.9,32768,6644.8,32768,11684.6,32768,10384.6,

